<?xml version="1.0"?>
<opencv_storage>
<intrinsic type_id="opencv-matrix">
  <rows>3</rows>
  <cols>3</cols>
  <dt>d</dt>
  <data>
    1.0454801485926105e+03 0. 9.3496788610430747e+02 0.
    1.0424962581852583e+03 5.3487433803128465e+02 0. 0. 1.</data></intrinsic>
<discoeff type_id="opencv-matrix">
  <rows>1</rows>
  <cols>5</cols>
  <dt>d</dt>
  <data>
    2.1664844254275058e-02 3.6657109783434116e-02
    -7.0038831777495102e-03 -4.0304747448493940e-03
    -2.1132198547319650e-01</data></discoeff>
</opencv_storage>
