<?xml version="1.0"?>
<opencv_storage>
<Rotation type_id="opencv-matrix">
  <rows>3</rows>
  <cols>3</cols>
  <dt>d</dt>
  <data>
    -9.9141887327760381e-01 -2.4491688757729738e-02
    -1.2840862467436095e-01 6.3831177771060260e-02
    7.6652839708685649e-01 -6.3903035702837585e-01
    1.1407978985484563e-01 -6.4174323030418368e-01
    -7.5838738643613102e-01</data></Rotation>
<Translation type_id="opencv-matrix">
  <rows>3</rows>
  <cols>1</cols>
  <dt>d</dt>
  <data>
    4.2071649305933681e+02 8.0314097403679239e+02 8.5174907426249706e+02</data></Translation>
</opencv_storage>
